INSTANCE_NAME:edges_to_ports_202202100000.anon
HEURISTIC:K-Bounded Greedy Fragmentation Heuristic (K-BGFH)
K:3
SELECTED_SUBPATHS:2485
RUN_TIME_SECONDS:0.001155
TOTAL_UNIQUE_EDGES:2603

# SELECTED FRAGMENTS (path_id;start_edge_index;num_edges;vertex_sequence)
0;0;3;20->23->15->42
1;0;3;42->49->29->38
2;0;3;38->14->46->8
3;0;3;8->3->11->43
4;0;3;43->9->2->6
5;0;3;6->16->21->51
6;0;3;51->47->44->10
7;0;3;10->31->45->39
8;0;3;39->30->24->5
9;0;3;5->4->32->53
10;0;3;53->26->35->50
11;0;3;50->13->22->36
12;0;3;36->57->18->41
13;0;3;41->19->34->1
14;0;3;1->12->27->17
15;0;3;17->48->28->7
16;0;3;7->40->33->37
17;0;1;10->29
18;0;1;14->20
19;0;2;49->19->9
20;0;2;44->12->53
21;0;1;26->45
22;0;3;32->27->1->34
23;0;3;34->33->57->35
24;0;2;35->43->3
25;0;2;11->8->48
26;0;1;7->13
27;0;3;36->31->40->46
28;0;2;46->50->18
29;0;2;41->17->37
30;0;1;39->14
31;0;1;38->12
32;0;1;45->47
33;0;1;10->6
34;0;1;51->33
35;0;1;8->5
36;0;2;32->2->19
37;0;3;9->37->48->24
38;0;1;24->1
39;0;3;34->30->46->31
40;0;1;31->22
41;0;2;36->27->18
42;0;1;41->50
43;0;3;13->17->7->28
44;0;1;31->11
45;0;1;3->20
46;0;1;46->4
47;0;1;10->43
48;0;2;9->5->53
49;0;2;24->48->12
50;0;1;36->18
51;0;1;19->17
52;0;1;37->28
53;0;1;19->23
54;0;1;20->24
55;0;1;3->28
56;0;2;36->9->12
57;0;1;46->35
58;0;1;43->34
59;0;2;1->50->57
60;0;3;41->48->40->17
61;0;1;37->27
62;0;1;29->36
63;0;1;2->20
64;0;1;34->51
65;0;1;44->14
66;0;2;43->35->4
67;0;1;32->6
68;0;2;21->1->53
69;0;3;5->31->33->12
70;0;2;12->38->37
71;0;1;48->57
72;0;1;22->7
73;0;3;28->10->17->27
74;0;1;48->44
75;0;1;47->22
76;0;1;9->3
77;0;1;8->35
78;0;2;17->57->31
79;0;1;33->18
80;0;3;19->27->10->40
81;0;1;46->7
82;0;1;28->37
83;0;1;27->44
84;0;3;7->19->41->10
85;0;1;18->40
86;0;1;27->24
87;0;1;30->6
88;0;1;1->48
89;0;1;7->17
90;0;1;34->9
91;0;1;35->47
92;0;1;40->48
93;0;1;7->4
94;0;1;5->21
95;0;2;16->28->12
96;0;1;1->27
97;0;1;41->24
98;0;1;34->19
99;0;2;40->37->18
100;0;1;30->23
101;0;1;39->35
102;0;1;46->33
103;0;1;37->17
104;0;1;15->33
105;0;1;23->3
106;0;1;48->42
107;0;1;9->50
108;0;1;1->57
109;0;1;24->7
110;0;2;28->30->17
111;0;1;20->11
112;0;1;28->2
113;0;1;16->15
114;0;1;32->21
115;0;1;23->26
116;0;3;53->36->22->41
117;0;1;18->50
118;0;1;37->19
119;0;1;7->15
120;0;1;53->43
121;0;2;17->46->40
122;0;1;13->14
123;0;1;41->46
124;0;1;33->40
125;0;1;27->22
126;0;1;4->22
127;0;1;40->34
128;0;1;13->32
129;0;1;57->7
130;0;1;27->4
131;0;1;12->22
132;0;1;41->40
133;0;1;20->44
134;0;1;23->21
135;0;1;5->13
136;0;1;44->19
137;0;1;40->7
138;0;1;53->4
139;0;2;30->26->37
140;0;1;17->33
141;0;1;4->15
142;0;1;5->43
143;0;1;8->6
144;0;1;35->7
145;0;2;37->46->27
146;0;2;18->32->17
147;0;1;37->14
148;0;1;1->41
149;0;2;48->18->27
150;0;1;33->46
151;0;1;44->2
152;0;1;1->33
153;0;2;40->10->28
154;0;1;18->2
155;0;1;57->34
156;0;1;48->5
157;0;1;24->33
158;0;1;51->40
159;0;1;31->17
160;0;1;41->18
161;0;1;37->26
162;0;1;48->34
163;0;1;15->7
164;0;1;49->57
165;0;2;28->41->1
166;0;1;48->16
167;0;1;6->19
168;0;1;8->47
169;0;3;51->46->21->7
170;0;1;40->2
171;0;1;27->2
172;0;1;39->47
173;0;1;45->9
174;0;1;31->10
175;0;1;40->41
176;0;1;17->3
177;0;1;6->39
178;0;2;43->16->50
179;0;1;48->41
180;0;1;34->15
181;0;1;46->48
182;0;1;42->40
183;0;3;19->30->41->49
184;0;2;49->18->28
185;0;1;51->49
186;0;1;32->47
187;0;1;41->45
188;0;3;18->43->7->46
189;0;1;46->37
190;0;1;6->32
191;0;3;10->47->17->53
192;0;1;13->12
193;0;1;19->16
194;0;1;15->35
195;0;1;41->9
196;0;1;2->40
197;0;1;14->50
198;0;1;35->41
199;0;1;30->57
200;0;1;30->53
201;0;1;12->8
202;0;1;5->46
203;0;1;1->9
204;0;1;34->13
205;0;1;57->17
206;0;1;7->50
207;0;1;20->38
208;0;1;10->21
209;0;1;7->48
210;0;1;57->38
211;0;1;22->48
212;0;1;12->43
213;0;1;35->33
214;0;1;20->7
215;0;1;28->33
216;0;1;32->29
217;0;1;36->53
218;0;1;24->4
219;0;1;18->57
220;0;1;35->17
221;0;1;4->10
222;0;1;33->32
223;0;2;34->7->41
224;0;1;28->18
225;0;1;27->23
226;0;1;37->33
227;0;1;48->51
228;0;1;50->14
229;0;1;18->22
230;0;2;17->13->40
231;0;1;34->14
232;0;1;43->40
233;0;2;17->18->33
234;0;1;51->15
235;0;1;36->34
236;0;1;27->11
237;0;1;40->26
238;0;1;27->30
239;0;1;4->38
240;0;1;41->12
241;0;1;57->33
242;0;1;49->26
243;0;1;18->17
244;0;1;5->49
245;0;1;1->4
246;0;1;36->33
247;0;1;46->6
248;0;2;7->21->27
249;0;1;20->21
250;0;1;23->7
251;0;1;36->10
252;0;1;18->37
253;0;1;36->47
254;0;1;44->5
255;0;1;13->6
256;0;1;17->47
257;0;1;10->22
258;0;1;29->23
259;0;1;26->1
260;0;1;27->34
261;0;1;24->14
262;0;1;50->48
263;0;1;15->30
264;0;1;34->40
265;0;1;2->41
266;0;1;18->21
267;0;1;15->32
268;0;1;31->44
269;0;1;53->42
270;0;1;13->30
271;0;2;27->6->40
272;0;1;34->29
273;0;1;1->44
274;0;1;19->50
275;0;1;3->50
276;0;1;11->30
277;0;1;26->50
278;0;1;38->6
279;0;1;5->30
280;0;1;31->3
281;0;2;7->11->40
282;0;1;40->9
283;0;1;3->13
284;0;1;7->45
285;0;1;46->49
286;0;1;43->17
287;0;1;16->14
288;0;1;37->21
289;0;1;4->33
290;0;1;48->32
291;0;1;5->3
292;0;1;41->7
293;0;1;15->3
294;0;1;7->51
295;0;1;28->27
296;0;1;20->29
297;0;1;27->7
298;0;1;2->12
299;0;1;48->6
300;0;1;16->20
301;0;1;45->18
302;0;1;57->12
303;0;1;4->49
304;0;1;17->32
305;0;1;31->20
306;0;1;10->35
307;0;1;50->40
308;0;1;50->24
309;0;1;36->13
310;0;1;3->46
311;0;2;18->11->7
312;0;1;28->31
313;0;1;11->15
314;0;1;39->49
315;0;1;36->30
316;0;1;35->23
317;0;1;33->43
318;0;1;37->22
319;0;1;27->50
320;0;1;13->38
321;0;1;22->37
322;0;1;50->15
323;0;1;37->13
324;0;1;20->12
325;0;1;42->14
326;0;1;8->28
327;0;1;49->17
328;0;1;34->18
329;0;1;24->32
330;0;1;45->23
331;0;1;48->30
332;0;1;27->39
333;0;1;7->44
334;0;1;33->10
335;0;1;27->12
336;0;1;32->43
337;0;1;18->16
338;0;1;57->48
339;0;1;2->17
340;0;1;16->2
341;0;1;2->51
342;0;1;48->38
343;0;1;22->46
344;0;1;12->37
345;0;1;6->53
346;0;1;5->16
347;0;1;7->9
348;0;1;6->10
349;0;1;42->3
350;0;1;15->40
351;0;1;39->43
352;0;1;13->23
353;0;1;48->36
354;0;1;23->42
355;0;1;51->7
356;0;1;21->28
357;0;1;39->28
358;0;1;23->11
359;0;1;21->43
360;0;1;34->11
361;0;1;57->10
362;0;1;33->3
363;0;1;21->2
364;0;1;51->29
365;0;1;27->53
366;0;1;32->1
367;0;1;3->8
368;0;1;47->34
369;0;1;1->28
370;0;1;15->51
371;0;1;20->8
372;0;1;53->18
373;0;1;5->19
374;0;1;20->36
375;0;1;37->8
376;0;1;2->9
377;0;1;37->16
378;0;1;46->45
379;0;1;17->38
380;0;1;12->57
381;0;1;42->32
382;0;1;49->27
383;0;1;29->53
384;0;1;12->41
385;0;1;16->32
386;0;1;22->50
387;0;1;40->36
388;0;1;22->51
389;0;1;7->36
390;0;1;57->5
391;0;2;40->35->27
392;0;1;39->24
393;0;1;8->2
394;0;1;10->16
395;0;1;34->20
396;0;1;12->48
397;0;1;3->9
398;0;1;18->4
399;0;1;41->37
400;0;1;27->49
401;0;1;43->6
402;0;1;57->42
403;0;1;24->10
404;0;1;5->40
405;0;1;48->2
406;0;1;29->41
407;0;1;43->53
408;0;1;21->20
409;0;1;36->15
410;0;1;15->24
411;0;1;45->42
412;0;1;31->39
413;0;1;3->22
414;0;1;43->49
415;0;1;47->37
416;0;1;7->8
417;0;1;45->31
418;0;1;28->39
419;0;1;40->29
420;0;1;11->17
421;0;1;33->27
422;0;1;48->23
423;0;1;2->14
424;0;1;48->15
425;0;1;31->26
426;0;1;22->1
427;0;2;50->36->40
428;0;1;31->42
429;0;1;42->45
430;0;1;23->38
431;0;1;27->29
432;0;1;27->51
433;0;1;15->49
434;0;1;37->4
435;0;1;45->48
436;0;2;10->39->18
437;0;1;47->33
438;0;1;45->16
439;0;1;41->57
440;0;1;51->24
441;0;1;6->12
442;0;1;22->30
443;0;1;13->29
444;0;1;23->9
445;0;1;43->15
446;0;1;16->47
447;0;1;45->28
448;0;1;1->19
449;0;1;39->40
450;0;1;11->53
451;0;1;34->39
452;0;1;53->23
453;0;1;19->20
454;0;1;7->34
455;0;1;23->2
456;0;1;30->44
457;0;1;20->32
458;0;1;57->13
459;0;1;50->27
460;0;1;44->39
461;0;1;29->17
462;0;1;24->12
463;0;1;15->16
464;0;1;46->5
465;0;1;38->13
466;0;1;45->14
467;0;1;1->8
468;0;1;38->26
469;0;1;17->24
470;0;1;32->31
471;0;1;47->28
472;0;1;50->20
473;0;1;13->35
474;0;1;7->22
475;0;1;24->34
476;0;1;40->32
477;0;2;4->5->17
478;0;1;17->34
479;0;1;50->31
480;0;1;19->36
481;0;1;36->32
482;0;1;30->35
483;0;1;19->18
484;0;1;22->20
485;0;1;57->9
486;0;1;48->31
487;0;1;46->51
488;0;1;50->3
489;0;1;16->27
490;0;1;37->10
491;0;1;23->27
492;0;1;19->21
493;0;1;23->36
494;0;1;57->44
495;0;1;41->27
496;0;1;24->36
497;0;1;57->28
498;0;1;37->50
499;0;1;51->11
500;0;1;50->47
501;0;1;16->42
502;0;1;13->15
503;0;1;39->38
504;0;1;42->13
505;0;1;11->23
506;0;1;41->8
507;0;1;20->43
508;0;1;22->29
509;0;1;34->21
510;0;1;39->51
511;0;1;51->36
512;0;1;6->4
513;0;1;32->14
514;0;1;48->8
515;0;1;26->42
516;0;1;1->46
517;0;1;9->26
518;0;1;21->11
519;0;1;9->1
520;0;1;7->26
521;0;1;18->19
522;0;1;15->48
523;0;1;7->10
524;0;1;38->50
525;0;1;51->23
526;0;1;45->51
527;0;1;14->53
528;0;1;23->20
529;0;1;3->12
530;0;1;45->43
531;0;2;41->39->33
532;0;1;3->33
533;0;1;16->48
534;0;1;21->10
535;0;1;38->19
536;0;1;21->30
537;0;1;20->1
538;0;1;49->42
539;0;1;29->33
540;0;1;35->10
541;0;1;48->43
542;0;1;53->20
543;0;1;41->26
544;0;1;48->26
545;0;1;30->40
546;0;1;42->18
547;0;1;49->28
548;0;1;49->12
549;0;1;46->30
550;0;1;35->24
551;0;1;38->30
552;0;1;14->23
553;0;1;23->24
554;0;1;30->13
555;0;1;33->9
556;0;1;6->3
557;0;1;27->16
558;0;1;21->50
559;0;1;8->44
560;0;1;15->36
561;0;1;15->14
562;0;1;4->41
563;0;1;47->15
564;0;1;4->29
565;0;1;32->34
566;0;1;36->49
567;0;1;14->6
568;0;1;22->49
569;0;1;13->18
570;0;1;41->36
571;0;1;15->47
572;0;1;46->24
573;0;1;50->8
574;0;1;22->12
575;0;1;11->10
576;0;1;46->53
577;0;1;38->46
578;0;1;14->7
579;0;1;29->4
580;0;1;13->19
581;0;1;14->16
582;0;1;13->44
583;0;1;46->10
584;0;1;19->24
585;0;1;38->35
586;0;1;1->3
587;0;1;24->31
588;0;1;53->38
589;0;1;18->26
590;0;1;8->23
591;0;1;29->48
592;0;1;2->31
593;0;1;50->22
594;0;1;44->35
595;0;1;19->6
596;0;1;18->15
597;0;1;19->2
598;0;1;12->23
599;0;1;18->44
600;0;1;2->27
601;0;1;27->31
602;0;1;39->1
603;0;1;47->42
604;0;1;13->7
605;0;1;36->50
606;0;1;51->42
607;0;1;44->48
608;0;1;15->46
609;0;1;23->31
610;0;1;57->36
611;0;1;7->31
612;0;1;51->39
613;0;1;38->2
614;0;1;38->34
615;0;1;4->7
616;0;1;22->47
617;0;1;16->44
618;0;1;2->23
619;0;1;29->47
620;0;1;46->23
621;0;1;13->42
622;0;1;17->22
623;0;1;41->42
624;0;1;43->47
625;0;1;46->42
626;0;1;44->27
627;0;1;24->50
628;0;1;42->50
629;0;1;51->48
630;0;1;45->34
631;0;1;37->29
632;0;1;2->5
633;0;1;36->11
634;0;1;35->44
635;0;1;46->43
636;0;1;51->53
637;0;1;53->21
638;0;1;51->3
639;0;1;19->51
640;0;1;14->10
641;0;1;42->51
642;0;1;15->41
643;0;1;47->12
644;0;1;12->6
645;0;1;28->49
646;0;1;30->47
647;0;1;27->5
648;0;1;34->47
649;0;1;30->2
650;0;1;13->34
651;0;1;51->44
652;0;1;30->32
653;0;1;29->15
654;0;1;23->41
655;0;1;23->5
656;0;1;21->18
657;0;1;4->23
658;0;1;32->40
659;0;1;5->44
660;0;1;45->29
661;0;1;37->39
662;0;1;14->35
663;0;1;50->38
664;0;1;23->50
665;0;1;28->13
666;0;1;41->35
667;0;1;9->22
668;0;1;17->8
669;0;1;14->32
670;0;1;21->8
671;0;1;51->27
672;0;1;35->5
673;0;1;48->10
674;0;1;11->46
675;0;1;5->42
676;0;1;37->57
677;0;1;29->32
678;0;1;57->27
679;0;1;53->13
680;0;1;11->49
681;0;1;24->13
682;0;1;26->14
683;0;1;49->36
684;0;1;39->9
685;0;1;9->16
686;0;1;48->21
687;0;1;39->2
688;0;1;6->44
689;0;1;40->11
690;0;1;22->57
691;0;1;34->35
692;0;1;47->49
693;0;1;1->29
694;0;1;49->39
695;0;1;22->16
696;0;1;42->21
697;0;1;47->57
698;0;1;7->29
699;0;1;16->40
700;0;1;33->11
701;0;1;21->39
702;0;1;8->17
703;0;1;10->8
704;0;1;32->39
705;0;1;18->8
706;0;1;36->41
707;0;1;22->13
708;0;1;27->36
709;0;1;20->40
710;0;1;19->3
711;0;1;13->20
712;0;1;22->6
713;0;1;10->5
714;0;1;11->1
715;0;1;10->32
716;0;1;3->44
717;0;1;51->26
718;0;1;28->44
719;0;1;3->57
720;0;1;2->36
721;0;1;21->57
722;0;1;49->6
723;0;1;4->45
724;0;1;9->11
725;0;1;32->9
726;0;1;42->17
727;0;1;40->24
728;0;1;37->35
729;0;1;40->6
730;0;1;22->23
731;0;1;4->12
732;0;1;16->33
733;0;1;6->15
734;0;1;48->7
735;0;1;32->51
736;0;1;12->32
737;0;1;2->39
738;0;1;43->23
739;0;1;34->53
740;0;1;53->31
741;0;1;26->40
742;0;1;26->8
743;0;1;19->45
744;0;1;40->5
745;0;1;24->37
746;0;1;11->24
747;0;1;1->14
748;0;1;23->4
749;0;1;17->20
750;0;1;27->48
751;0;1;21->29
752;0;1;53->12
753;0;1;37->42
754;0;1;47->41
755;0;1;50->23
756;0;1;43->26
757;0;1;9->18
758;0;1;33->21
759;0;1;39->19
760;0;1;9->48
761;0;1;4->19
762;0;1;7->32
763;0;1;13->2
764;0;1;38->29
765;0;1;41->23
766;0;1;18->6
767;0;1;37->51
768;0;1;50->10
769;0;1;9->35
770;0;1;14->13
771;0;1;5->9
772;0;1;4->40
773;0;1;3->10
774;0;1;2->35
775;0;1;37->23
776;0;1;53->27
777;0;1;46->26
778;0;1;9->44
779;0;1;2->38
780;0;1;17->9
781;0;1;9->57
782;0;1;11->9
783;0;1;36->14
784;0;1;23->40
785;0;1;51->41
786;0;1;38->39
787;0;1;51->45
788;0;1;36->38
789;0;1;3->19
790;0;1;11->2
791;0;1;24->46
792;0;1;39->26
793;0;1;43->32
794;0;1;1->23
795;0;1;13->8
796;0;1;47->8
797;0;1;3->37
798;0;1;11->13
799;0;1;20->30
800;0;1;44->31
801;0;1;47->31
802;0;1;30->51
803;0;1;2->16
804;0;1;43->18
805;0;1;12->19
806;0;1;15->19
807;0;1;53->35
808;0;1;53->11
809;0;1;6->35
810;0;1;29->37
811;0;1;16->35
812;0;1;8->15
813;0;1;3->40
814;0;1;32->38
815;0;1;42->34
816;0;1;34->28
817;0;1;23->22
818;0;1;7->53
819;0;1;47->14
820;0;1;44->20
821;0;1;6->47
822;0;1;38->53
823;0;1;51->21
824;0;1;35->37
825;0;1;35->1
826;0;1;19->13
827;0;1;22->43
828;0;1;30->12
829;0;1;3->49
830;0;1;42->53
831;0;1;27->3
832;0;1;57->51
833;0;1;29->26
834;0;1;3->26
835;0;1;31->46
836;0;1;44->22
837;0;1;31->57
838;0;1;44->32
839;0;1;10->33
840;0;1;5->15
841;0;1;17->12
842;0;2;7->30->37
843;0;1;12->5
844;0;1;19->29
845;0;1;35->26
846;0;1;26->3
847;0;1;30->14
848;0;1;14->57
849;0;1;34->17
850;0;1;26->28
851;0;1;33->16
852;0;1;29->6
853;0;1;16->19
854;0;1;8->32
855;0;1;57->47
856;0;1;22->9
857;0;1;7->5
858;0;1;10->38
859;0;1;14->41
860;0;1;33->17
861;0;1;8->46
862;0;1;13->27
863;0;1;50->32
864;0;1;8->22
865;0;1;19->49
866;0;1;43->5
867;0;1;41->34
868;0;1;29->14
869;0;1;21->34
870;0;1;27->41
871;0;1;18->34
872;0;1;28->24
873;0;1;22->14
874;0;1;26->51
875;0;1;15->6
876;0;1;37->38
877;0;1;19->11
878;0;1;44->29
879;0;1;22->53
880;0;1;4->20
881;0;1;32->33
882;0;1;20->2
883;0;1;9->36
884;0;1;53->44
885;0;1;44->30
886;0;1;35->2
887;0;1;13->51
888;0;1;22->19
889;0;1;32->18
890;0;1;43->4
891;0;1;29->34
892;0;1;37->12
893;0;1;9->20
894;0;1;7->14
895;0;1;24->26
896;0;1;50->44
897;0;1;28->15
898;0;1;31->24
899;0;1;50->5
900;0;1;24->43
901;0;1;48->4
902;0;1;14->5
903;0;1;21->42
904;0;1;1->42
905;0;1;17->41
906;0;1;15->29
907;0;1;34->36
908;0;1;8->7
909;0;1;34->26
910;0;1;46->38
911;0;1;44->43
912;0;1;28->53
913;0;1;8->16
914;0;1;49->46
915;0;1;45->6
916;0;1;41->44
917;0;1;4->14
918;0;1;49->51
919;0;1;3->27
920;0;1;33->50
921;0;1;44->18
922;0;1;24->47
923;0;1;47->7
924;0;1;42->9
925;0;1;47->1
926;0;1;48->45
927;0;1;24->3
928;0;1;28->1
929;0;1;39->4
930;0;1;4->36
931;0;1;29->46
932;0;1;46->19
933;0;1;5->12
934;0;1;11->51
935;0;1;38->49
936;0;1;38->3
937;0;1;29->49
938;0;1;24->16
939;0;1;30->1
940;0;1;13->57
941;0;1;31->47
942;0;1;28->35
943;0;1;9->31
944;0;1;43->11
945;0;1;16->51
946;0;1;17->2
947;0;1;18->24
948;0;1;22->15
949;0;1;53->5
950;0;1;40->38
951;0;1;3->45
952;0;1;28->43
953;0;1;57->2
954;0;1;13->33
955;0;1;4->17
956;0;1;14->27
957;0;1;33->38
958;0;1;23->29
959;0;1;31->34
960;0;1;5->41
961;0;1;13->47
962;0;1;14->36
963;0;1;10->4
964;0;1;37->6
965;0;1;50->1
966;0;1;46->9
967;0;1;51->19
968;0;1;6->41
969;0;1;43->46
970;0;1;44->24
971;0;1;47->29
972;0;1;32->42
973;0;1;16->41
974;0;1;1->18
975;0;1;16->12
976;0;1;46->15
977;0;1;17->29
978;0;1;3->15
979;0;1;4->1
980;0;1;14->1
981;0;1;28->17
982;0;1;50->34
983;0;1;26->10
984;0;1;50->42
985;0;1;6->43
986;0;1;13->3
987;0;1;29->35
988;0;1;13->43
989;0;1;14->3
990;0;1;26->41
991;0;1;33->28
992;0;1;13->49
993;0;1;41->22
994;0;1;33->5
995;0;1;49->7
996;0;1;11->37
997;0;1;1->11
998;0;1;30->4
999;0;1;49->10
1000;0;1;31->43
1001;0;1;9->21
1002;0;1;26->32
1003;0;1;37->32
1004;0;1;6->9
1005;0;1;36->1
1006;0;1;19->33
1007;0;1;42->28
1008;0;1;39->12
1009;0;1;40->14
1010;0;1;12->31
1011;0;1;51->35
1012;0;1;43->10
1013;0;1;37->20
1014;0;1;51->4
1015;0;1;11->19
1016;0;1;33->45
1017;0;1;45->27
1018;0;1;39->50
1019;0;1;42->26
1020;0;1;23->6
1021;0;1;43->48
1022;0;1;24->15
1023;0;1;48->20
1024;0;1;45->13
1025;0;1;33->26
1026;0;1;49->8
1027;0;1;20->50
1028;0;1;10->44
1029;0;1;42->6
1030;0;1;50->7
1031;0;1;43->21
1032;0;1;21->31
1033;0;1;23->37
1034;0;1;26->9
1035;0;1;10->53
1036;0;1;31->48
1037;0;1;53->34
1038;0;1;45->35
1039;0;1;5->47
1040;0;1;30->8
1041;0;1;8->51
1042;0;1;8->4
1043;0;1;3->29
1044;0;1;12->4
1045;0;1;24->53
1046;0;1;42->57
1047;0;1;14->44
1048;0;1;29->22
1049;0;1;39->8
1050;0;1;47->18
1051;0;1;5->45
1052;0;1;40->43
1053;0;1;39->29
1054;0;1;45->24
1055;0;1;20->5
1056;0;1;36->8
1057;0;1;4->21
1058;0;1;2->44
1059;0;1;38->10
1060;0;1;47->6
1061;0;1;42->2
1062;0;1;3->17
1063;0;1;30->33
1064;0;1;17->11
1065;0;1;30->43
1066;0;1;39->15
1067;0;1;12->21
1068;0;1;39->16
1069;0;1;32->26
1070;0;1;29->21
1071;0;1;33->6
1072;0;1;28->22
1073;0;1;42->16
1074;0;1;20->9
1075;0;1;6->45
1076;0;1;49->40
1077;0;1;44->17
1078;0;1;57->11
1079;0;1;8->49
1080;0;1;5->11
1081;0;1;16->5
1082;0;1;12->49
1083;0;1;9->8
1084;0;1;34->3
1085;0;1;26->22
1086;0;1;20->39
1087;0;1;34->44
1088;0;1;9->46
1089;0;1;51->1
1090;0;1;30->20
1091;0;1;14->26
1092;0;1;51->2
1093;0;1;42->8
1094;0;1;34->38
1095;0;1;27->32
1096;0;1;2->53
1097;0;1;44->8
1098;0;1;20->10
1099;0;1;28->14
1100;0;1;14->15
1101;0;1;53->33
1102;0;1;34->46
1103;0;1;51->9
1104;0;1;3->42
1105;0;1;5->8
1106;0;1;19->53
1107;0;1;29->30
1108;0;1;34->48
1109;0;1;43->27
1110;0;1;53->57
1111;0;1;48->53
1112;0;1;20->22
1113;0;1;5->22
1114;0;1;22->44
1115;0;1;53->10
1116;0;1;36->7
1117;0;1;32->11
1118;0;1;12->9
1119;0;1;32->10
1120;0;1;7->16
1121;0;1;36->16
1122;0;1;53->19
1123;0;1;17->15
1124;0;1;41->47
1125;0;1;27->38
1126;0;1;51->10
1127;0;1;45->36
1128;0;1;41->53
1129;0;1;28->57
1130;0;1;39->11
1131;0;1;47->50
1132;0;1;18->13
1133;0;1;20->49
1134;0;1;18->9
1135;0;1;9->19
1136;0;1;50->11
1137;0;1;12->51
1138;0;1;31->21
1139;0;1;5->50
1140;0;1;42->12
1141;0;1;4->47
1142;0;1;16->43
1143;0;1;22->11
1144;0;1;27->28
1145;0;1;46->44
1146;0;1;37->45
1147;0;1;15->26
1148;0;1;22->34
1149;0;1;14->2
1150;0;1;31->16
1151;0;1;9->32
1152;0;1;51->38
1153;0;1;23->33
1154;0;1;41->21
1155;0;1;24->49
1156;0;1;32->8
1157;0;1;9->33
1158;0;1;28->5
1159;0;1;42->7
1160;0;1;29->5
1161;0;1;1->10
1162;0;1;34->57
1163;0;1;50->35
1164;0;1;1->22
1165;0;1;41->2
1166;0;1;37->9
1167;0;1;23->32
1168;0;1;14->12
1169;0;1;26->24
1170;0;1;36->35
1171;0;1;14->39
1172;0;1;4->31
1173;0;1;5->1
1174;0;1;29->18
1175;0;1;1->47
1176;0;1;38->44
1177;0;1;35->42
1178;0;1;37->11
1179;0;1;44->46
1180;0;1;19->57
1181;0;1;44->38
1182;0;1;34->32
1183;0;1;2->8
1184;0;1;43->19
1185;0;1;18->1
1186;0;1;31->41
1187;0;1;7->3
1188;0;1;50->37
1189;0;1;30->15
1190;0;1;33->1
1191;0;1;8->31
1192;0;1;15->22
1193;0;1;49->2
1194;0;1;49->24
1195;0;1;44->21
1196;0;1;46->11
1197;0;1;19->12
1198;0;1;47->36
1199;0;1;34->45
1200;0;1;9->30
1201;0;1;19->47
1202;0;1;28->34
1203;0;1;38->22
1204;0;1;12->3
1205;0;1;9->10
1206;0;1;22->10
1207;0;1;49->50
1208;0;1;10->57
1209;0;1;4->39
1210;0;1;48->22
1211;0;1;35->49
1212;0;1;36->43
1213;0;1;31->13
1214;0;1;44->47
1215;0;1;29->8
1216;0;1;29->13
1217;0;1;41->14
1218;0;1;6->13
1219;0;1;15->44
1220;0;1;44->33
1221;0;1;28->9
1222;0;1;7->6
1223;0;1;6->33
1224;0;1;8->36
1225;0;1;38->42
1226;0;1;15->57
1227;0;1;31->9
1228;0;1;9->17
1229;0;1;20->46
1230;0;1;4->6
1231;0;1;33->36
1232;0;1;6->27
1233;0;1;44->40
1234;0;1;57->32
1235;0;1;22->31
1236;0;1;15->37
1237;0;1;32->48
1238;0;1;21->4
1239;0;1;47->16
1240;0;1;45->50
1241;0;1;20->15
1242;0;1;29->44
1243;0;1;2->32
1244;0;1;11->4
1245;0;1;8->57
1246;0;1;11->20
1247;0;1;23->19
1248;0;1;12->11
1249;0;1;11->29
1250;0;1;35->15
1251;0;1;49->48
1252;0;1;10->18
1253;0;1;11->27
1254;0;1;49->37
1255;0;1;23->16
1256;0;1;10->26
1257;0;1;4->48
1258;0;1;45->32
1259;0;1;9->27
1260;0;1;16->49
1261;0;1;15->2
1262;0;1;14->17
1263;0;1;11->48
1264;0;1;38->8
1265;0;1;53->45
1266;0;1;26->6
1267;0;1;53->37
1268;0;1;26->46
1269;0;1;32->19
1270;0;1;35->28
1271;0;1;13->5
1272;0;1;4->50
1273;0;1;9->47
1274;0;1;45->1
1275;0;1;23->53
1276;0;1;44->42
1277;0;1;32->3
1278;0;1;41->28
1279;0;1;1->5
1280;0;1;40->20
1281;0;1;15->12
1282;0;1;13->45
1283;0;1;57->22
1284;0;1;36->45
1285;0;1;57->45
1286;0;1;21->49
1287;0;1;51->28
1288;0;1;16->30
1289;0;1;42->20
1290;0;1;16->10
1291;0;1;31->15
1292;0;1;11->39
1293;0;1;47->13
1294;0;1;51->18
1295;0;1;40->19
1296;0;1;9->49
1297;0;1;12->46
1298;0;1;31->18
1299;0;1;11->31
1300;0;1;24->30
1301;0;1;36->2
1302;0;1;16->57
1303;0;1;17->21
1304;0;1;19->5
1305;0;1;14->11
1306;0;1;31->14
1307;0;1;53->50
1308;0;1;11->50
1309;0;1;4->44
1310;0;1;5->29
1311;0;1;17->51
1312;0;1;15->5
1313;0;1;5->57
1314;0;1;10->48
1315;0;1;16->1
1316;0;1;33->48
1317;0;1;45->15
1318;0;1;46->22
1319;0;1;51->8
1320;0;1;40->16
1321;0;1;14->48
1322;0;1;19->26
1323;0;1;24->44
1324;0;1;32->4
1325;0;1;49->34
1326;0;1;3->5
1327;0;1;28->6
1328;0;1;9->39
1329;0;1;8->24
1330;0;1;28->23
1331;0;1;16->37
1332;0;1;6->51
1333;0;1;50->6
1334;0;1;22->39
1335;0;1;13->37
1336;0;1;39->20
1337;0;1;30->45
1338;0;1;8->10
1339;0;1;28->19
1340;0;1;11->26
1341;0;1;20->34
1342;0;1;1->6
1343;0;1;17->14
1344;0;1;17->5
1345;0;1;33->8
1346;0;1;38->27
1347;0;1;20->31
1348;0;1;47->23
1349;0;1;38->48
1350;0;1;32->41
1351;0;1;32->5
1352;0;1;2->24
1353;0;1;57->8
1354;0;1;5->6
1355;0;1;40->15
1356;0;1;49->15
1357;0;1;33->14
1358;0;1;40->13
1359;0;1;3->30
1360;0;1;35->36
1361;0;1;44->9
1362;0;1;18->5
1363;0;1;42->30
1364;0;1;5->20
1365;0;1;5->18
1366;0;1;57->39
1367;0;1;3->7
1368;0;1;39->57
1369;0;1;20->17
1370;0;1;38->32
1371;0;1;21->23
1372;0;1;23->12
1373;0;1;24->21
1374;0;1;39->42
1375;0;1;2->10
1376;0;1;8->9
1377;0;1;27->15
1378;0;1;41->16
1379;0;1;38->21
1380;0;1;43->41
1381;0;1;13->1
1382;0;1;11->36
1383;0;1;51->57
1384;0;1;46->2
1385;0;1;40->39
1386;0;1;24->28
1387;0;1;21->41
1388;0;1;26->33
1389;0;1;21->53
1390;0;1;1->35
1391;0;1;32->28
1392;0;1;11->22
1393;0;1;37->31
1394;0;1;40->44
1395;0;1;22->21
1396;0;1;49->16
1397;0;1;42->19
1398;0;1;26->16
1399;0;1;5->39
1400;0;1;45->7
1401;0;1;26->44
1402;0;1;10->3
1403;0;1;30->16
1404;0;1;1->20
1405;0;1;16->29
1406;0;1;31->5
1407;0;1;45->44
1408;0;1;53->39
1409;0;1;35->13
1410;0;1;2->3
1411;0;1;20->35
1412;0;1;1->45
1413;0;1;44->6
1414;0;1;9->53
1415;0;1;31->28
1416;0;1;16->18
1417;0;1;53->16
1418;0;1;2->13
1419;0;1;9->13
1420;0;1;40->12
1421;0;1;49->43
1422;0;1;31->23
1423;0;1;33->47
1424;0;1;57->53
1425;0;1;39->34
1426;0;1;8->14
1427;0;1;26->15
1428;0;1;36->20
1429;0;1;39->27
1430;0;1;33->22
1431;0;1;43->38
1432;0;1;57->49
1433;0;1;24->11
1434;0;1;3->43
1435;0;1;42->47
1436;0;1;46->41
1437;0;1;3->48
1438;0;1;3->39
1439;0;1;51->12
1440;0;1;15->23
1441;0;1;49->35
1442;0;1;31->8
1443;0;1;4->35
1444;0;1;6->17
1445;0;1;23->47
1446;0;1;32->24
1447;0;1;43->57
1448;0;1;9->41
1449;0;1;36->5
1450;0;1;31->1
1451;0;1;20->51
1452;0;1;22->32
1453;0;1;10->23
1454;0;1;24->20
1455;0;1;14->4
1456;0;1;29->20
1457;0;1;10->49
1458;0;1;31->36
1459;0;1;8->1
1460;0;1;17->19
1461;0;1;5->26
1462;0;1;53->29
1463;0;1;12->1
1464;0;1;14->45
1465;0;1;45->26
1466;0;1;21->32
1467;0;1;20->14
1468;0;1;8->29
1469;0;1;2->34
1470;0;1;23->57
1471;0;1;15->45
1472;0;1;22->26
1473;0;1;8->27
1474;0;1;39->32
1475;0;1;21->35
1476;0;1;45->22
1477;0;1;28->38
1478;0;1;43->22
1479;0;1;4->46
1480;0;1;30->39
1481;0;1;6->37
1482;0;1;15->43
1483;0;1;16->17
1484;0;1;4->42
1485;0;1;27->20
1486;0;1;47->27
1487;0;1;38->15
1488;0;1;18->36
1489;0;1;53->7
1490;0;1;38->4
1491;0;1;35->30
1492;0;1;1->36
1493;0;1;57->46
1494;0;1;30->38
1495;0;1;12->17
1496;0;1;6->57
1497;0;1;29->45
1498;0;1;6->7
1499;0;1;36->48
1500;0;1;31->37
1501;0;1;29->43
1502;0;1;26->49
1503;0;1;4->30
1504;0;1;24->29
1505;0;1;20->33
1506;0;1;35->32
1507;0;1;35->19
1508;0;1;5->32
1509;0;1;35->45
1510;0;1;35->39
1511;0;1;4->43
1512;0;1;9->7
1513;0;1;53->14
1514;0;1;7->42
1515;0;1;26->13
1516;0;1;57->29
1517;0;1;5->33
1518;0;1;38->47
1519;0;1;30->21
1520;0;1;49->31
1521;0;1;13->46
1522;0;1;35->8
1523;0;1;18->48
1524;0;1;3->41
1525;0;1;8->11
1526;0;1;33->31
1527;0;1;21->24
1528;0;1;50->49
1529;0;1;43->28
1530;0;1;47->5
1531;0;1;1->51
1532;0;1;21->36
1533;0;1;6->29
1534;0;1;38->9
1535;0;1;15->31
1536;0;1;38->1
1537;0;1;13->21
1538;0;1;23->8
1539;0;1;57->19
1540;0;1;19->8
1541;0;1;30->28
1542;0;1;24->23
1543;0;1;32->45
1544;0;1;46->3
1545;0;1;26->38
1546;0;1;48->50
1547;0;1;53->30
1548;0;1;2->30
1549;0;1;3->47
1550;0;1;16->39
1551;0;1;42->22
1552;0;1;35->31
1553;0;1;12->28
1554;0;1;29->2
1555;0;1;35->57
1556;0;1;33->42
1557;0;1;37->24
1558;0;1;4->34
1559;0;1;48->35
1560;0;1;16->53
1561;0;1;14->34
1562;0;1;50->29
1563;0;1;49->23
1564;0;1;19->44
1565;0;1;53->1
1566;0;1;1->31
1567;0;1;6->36
1568;0;1;8->43
1569;0;1;12->47
1570;0;1;39->44
1571;0;1;32->44
1572;0;1;21->9
1573;0;1;17->44
1574;0;1;43->1
1575;0;1;41->6
1576;0;1;42->1
1577;0;1;27->26
1578;0;1;18->42
1579;0;1;45->11
1580;0;1;51->34
1581;0;1;39->7
1582;0;1;20->45
1583;0;1;16->24
1584;0;1;20->47
1585;0;1;26->53
1586;0;1;41->3
1587;0;1;7->23
1588;0;1;50->30
1589;0;1;17->45
1590;0;1;2->37
1591;0;1;3->21
1592;0;1;29->42
1593;0;1;6->2
1594;0;1;9->45
1595;0;1;13->39
1596;0;1;43->2
1597;0;1;47->45
1598;0;1;2->46
1599;0;1;29->1
1600;0;1;23->45
1601;0;1;50->51
1602;0;1;16->36
1603;0;1;34->4
1604;0;1;47->53
1605;0;1;17->31
1606;0;1;2->4
1607;0;1;14->30
1608;0;1;16->34
1609;0;1;4->11
1610;0;1;1->43
1611;0;1;6->38
1612;0;1;32->46
1613;0;1;29->24
1614;0;1;5->28
1615;0;1;29->40
1616;0;1;21->3
1617;0;1;35->18
1618;0;1;53->2
1619;0;1;30->31
1620;0;1;35->3
1621;0;1;27->45
1622;0;1;48->49
1623;0;1;26->18
1624;0;1;43->24
1625;0;1;43->51
1626;0;1;6->8
1627;0;1;34->22
1628;0;1;6->24
1629;0;1;40->1
1630;0;1;12->50
1631;0;1;47->38
1632;0;1;45->8
1633;0;1;41->51
1634;0;1;44->7
1635;0;1;20->42
1636;0;1;29->31
1637;0;1;18->39
1638;0;1;46->36
1639;0;1;44->23
1640;0;1;30->48
1641;0;1;26->31
1642;0;1;10->19
1643;0;1;23->48
1644;0;1;12->42
1645;0;1;18->53
1646;0;1;44->36
1647;0;1;57->43
1648;0;1;57->16
1649;0;1;20->48
1650;0;1;19->14
1651;0;1;5->2
1652;0;1;28->48
1653;0;1;2->47
1654;0;1;31->38
1655;0;1;11->42
1656;0;1;15->20
1657;0;1;14->18
1658;0;1;35->53
1659;0;1;18->20
1660;0;1;3->23
1661;0;1;6->42
1662;0;1;24->27
1663;0;1;6->46
1664;0;1;21->47
1665;0;1;8->39
1666;0;1;28->51
1667;0;1;23->39
1668;0;1;53->9
1669;0;1;26->7
1670;0;1;6->21
1671;0;1;3->51
1672;0;1;57->40
1673;0;1;30->3
1674;0;1;39->23
1675;0;1;14->40
1676;0;1;40->8
1677;0;1;49->30
1678;0;1;24->8
1679;0;1;13->4
1680;0;1;8->30
1681;0;1;28->4
1682;0;1;29->51
1683;0;1;47->19
1684;0;1;4->16
1685;0;1;31->49
1686;0;1;18->7
1687;0;1;39->21
1688;0;1;16->6
1689;0;1;13->11
1690;0;1;19->4
1691;0;1;34->24
1692;0;1;47->35
1693;0;1;30->49
1694;0;1;53->47
1695;0;1;42->23
1696;0;1;57->23
1697;0;1;3->31
1698;0;1;8->42
1699;0;1;2->26
1700;0;1;15->9
1701;0;1;34->27
1702;0;1;37->15
1703;0;1;26->47
1704;0;1;49->45
1705;0;1;33->15
1706;0;1;26->12
1707;0;1;11->47
1708;0;1;48->19
1709;0;1;38->40
1710;0;1;27->47
1711;0;1;11->35
1712;0;1;13->31
1713;0;1;14->28
1714;0;1;34->10
1715;0;1;42->4
1716;0;1;45->30
1717;0;1;50->21
1718;0;1;2->42
1719;0;1;20->18
1720;0;1;23->13
1721;0;1;37->5
1722;0;1;7->2
1723;0;1;49->3
1724;0;1;47->32
1725;0;1;13->24
1726;0;1;40->4
1727;0;1;3->6
1728;0;1;11->57
1729;0;1;48->14
1730;0;1;40->31
1731;0;1;33->44
1732;0;1;42->15
1733;0;1;51->50
1734;0;1;47->48
1735;0;1;19->32
1736;0;1;1->49
1737;0;1;26->30
1738;0;1;4->57
1739;0;1;38->28
1740;0;1;45->2
1741;0;1;31->53
1742;0;1;21->14
1743;0;1;10->20
1744;0;1;57->41
1745;0;1;26->57
1746;0;1;57->30
1747;0;1;41->29
1748;0;1;12->15
1749;0;1;7->35
1750;0;1;20->16
1751;0;1;4->18
1752;0;1;12->14
1753;0;1;10->51
1754;0;1;15->28
1755;0;1;20->28
1756;0;1;50->17
1757;0;1;47->46
1758;0;2;1->40->23
1759;0;1;12->40
1760;0;1;16->23
1761;0;1;9->40
1762;0;1;18->23
1763;0;1;24->40
1764;0;1;26->23
1765;0;1;28->40
1766;0;1;32->23
1767;0;1;34->23
1768;0;1;36->23
1769;0;1;38->23
1770;0;1;47->40
1771;0;1;53->40
1772;0;1;54->55
1773;0;1;64->66
1774;0;1;17->40
1775;0;1;102->265
1776;0;1;27->40
1777;0;1;35->40
1778;0;1;19->40
1779;0;1;64->84
1780;0;1;102->266
1781;0;1;64->55
1782;0;1;64->91
1783;0;1;45->40
1784;0;1;54->95
1785;0;1;102->270
1786;0;1;64->101
1787;0;1;54->105
1788;0;1;54->101
1789;0;1;6->23
1790;0;1;9->23
1791;0;1;54->122
1792;0;1;8->40
1793;0;1;54->66
1794;0;1;54->91
1795;0;1;64->122
1796;0;1;64->95
1797;0;1;33->23
1798;0;1;54->136
1799;0;1;54->140
1800;0;1;64->141
1801;0;1;37->40
1802;0;1;5->23
1803;0;1;54->141
1804;0;1;102->267
1805;0;1;64->159
1806;0;1;64->136
1807;0;1;102->269
1808;0;1;17->23
1809;0;1;22->40
1810;0;1;21->40
1811;0;1;44->28
1812;0;1;38->5
1813;0;1;47->51
1814;0;1;37->41
1815;0;1;43->8
1816;0;1;12->18
1817;0;1;16->13
1818;0;2;23->10->27
1819;0;2;14->21->46
1820;0;2;40->30->11
1821;0;1;15->17
1822;0;1;35->34
1823;0;2;14->24->19
1824;0;1;23->18
1825;0;1;35->11
1826;0;1;30->10
1827;0;1;22->17
1828;0;1;15->10
1829;0;1;37->34
1830;0;1;46->14
1831;0;2;35->12->39
1832;0;1;42->11
1833;0;1;8->41
1834;0;1;35->38
1835;0;1;29->27
1836;0;1;49->21
1837;0;2;10->14->31
1838;0;1;34->12
1839;0;1;39->37
1840;0;1;12->44
1841;0;1;40->21
1842;0;1;33->39
1843;0;1;6->31
1844;0;1;9->14
1845;0;1;16->46
1846;0;1;12->30
1847;0;1;18->3
1848;0;1;19->35
1849;0;1;31->27
1850;0;1;7->39
1851;0;1;28->21
1852;0;1;45->3
1853;0;1;41->4
1854;0;1;17->10
1855;0;2;37->30->50
1856;0;1;11->6
1857;0;1;3->24
1858;0;1;8->34
1859;0;1;35->20
1860;0;1;40->57
1861;0;1;24->2
1862;0;1;10->12
1863;0;1;31->35
1864;0;1;27->43
1865;0;1;18->46
1866;0;1;38->57
1867;0;1;14->37
1868;0;1;8->45
1869;0;1;39->46
1870;0;1;17->6
1871;0;1;1->7
1872;0;1;28->16
1873;0;1;40->45
1874;0;2;10->50->39
1875;0;1;26->2
1876;0;1;21->19
1877;0;1;34->5
1878;0;1;42->33
1879;0;1;1->15
1880;0;1;40->22
1881;0;1;4->28
1882;0;1;30->36
1883;0;1;10->41
1884;0;1;40->3
1885;0;1;22->27
1886;0;1;34->2
1887;0;1;14->38
1888;0;1;44->37
1889;0;1;48->11
1890;0;1;2->57
1891;0;1;1->16
1892;0;1;27->14
1893;0;1;6->48
1894;0;1;35->46
1895;0;1;39->31
1896;0;1;37->53
1897;0;1;9->42
1898;0;1;38->20
1899;0;1;14->22
1900;0;1;9->28
1901;0;1;46->47
1902;0;1;15->8
1903;0;1;7->43
1904;0;1;44->50
1905;0;1;39->6
1906;0;1;22->18
1907;0;1;31->12
1908;0;1;50->53
1909;0;1;5->7
1910;0;1;45->41
1911;0;1;46->20
1912;0;1;31->30
1913;0;1;5->48
1914;0;1;5->51
1915;0;1;17->43
1916;0;1;2->28
1917;0;1;44->57
1918;0;1;38->16
1919;0;1;2->33
1920;0;1;36->12
1921;0;1;48->9
1922;0;1;4->51
1923;0;1;35->22
1924;0;1;29->28
1925;0;1;23->30
1926;0;1;24->41
1927;0;1;51->16
1928;0;1;35->16
1929;0;1;7->38
1930;0;1;9->15
1931;0;1;41->5
1932;0;1;22->28
1933;0;1;50->33
1934;0;1;9->29
1935;0;1;22->33
1936;0;1;30->18
1937;0;1;43->29
1938;0;1;49->22
1939;0;1;53->24
1940;0;1;44->53
1941;0;1;57->24
1942;0;1;9->51
1943;0;1;32->7
1944;0;1;38->18
1945;0;1;2->50
1946;0;1;6->22
1947;0;1;24->42
1948;0;1;11->38
1949;0;1;43->44
1950;0;1;47->20
1951;0;1;51->37
1952;0;1;39->10
1953;0;1;20->19
1954;0;1;38->17
1955;0;1;6->20
1956;0;1;39->48
1957;0;1;48->27
1958;0;1;15->1
1959;0;1;17->16
1960;0;1;13->28
1961;0;1;29->50
1962;0;1;30->19
1963;0;1;18->47
1964;0;1;3->53
1965;0;1;5->24
1966;0;1;10->34
1967;0;1;48->13
1968;0;1;11->32
1969;0;1;40->51
1970;0;1;22->8
1971;0;1;21->13
1972;0;1;47->30
1973;0;1;3->4
1974;0;1;36->51
1975;0;1;45->17
1976;0;1;1->21
1977;0;1;45->12
1978;0;1;42->44
1979;0;1;33->51
1980;0;1;26->27
1981;0;1;38->33
1982;0;1;3->1
1983;0;1;43->45
1984;0;1;49->20
1985;0;1;39->53
1986;0;1;57->4
1987;0;1;45->5
1988;0;1;1->2
1989;0;1;18->49
1990;0;1;9->43
1991;0;1;46->12
1992;0;1;19->10
1993;0;1;40->42
1994;0;1;28->46
1995;0;1;39->41
1996;0;1;3->2
1997;0;1;29->39
1998;0;1;49->13
1999;0;1;34->42
2000;0;1;33->24
2001;0;1;36->26
2002;0;1;42->36
2003;0;1;12->29
2004;0;1;1->17
2005;0;1;20->37
2006;0;1;4->13
2007;0;1;14->43
2008;0;1;40->18
2009;0;1;32->49
2010;0;1;19->22
2011;0;1;37->7
2012;0;1;41->11
2013;0;1;43->13
2014;0;1;57->15
2015;0;1;28->50
2016;0;1;28->42
2017;0;1;36->46
2018;0;1;10->42
2019;0;1;44->13
2020;0;1;33->41
2021;0;1;30->42
2022;0;1;22->24
2023;0;1;40->49
2024;0;1;33->29
2025;0;1;51->31
2026;0;1;6->49
2027;0;1;42->38
2028;0;1;49->44
2029;0;1;28->26
2030;0;1;5->34
2031;0;1;36->3
2032;0;1;50->26
2033;0;1;34->6
2034;0;1;2->29
2035;0;1;15->4
2036;0;1;50->19
2037;0;1;24->39
2038;0;1;12->33
2039;0;1;19->28
2040;0;1;24->17
2041;0;1;20->57
2042;0;1;33->53
2043;0;1;9->38
2044;0;1;14->51
2045;0;1;14->47
2046;0;1;29->7
2047;0;1;8->21
2048;0;1;23->43
2049;0;1;1->26
2050;0;1;44->51
2051;0;1;26->21
2052;0;1;16->45
2053;0;1;46->32
2054;0;1;11->21
2055;0;1;14->29
2056;0;1;8->53
2057;0;1;48->1
2058;0;1;22->2
2059;0;1;24->9
2060;0;1;49->38
2061;0;1;29->57
2062;0;1;12->24
2063;0;1;30->29
2064;0;1;3->38
2065;0;1;37->43
2066;0;1;8->20
2067;0;1;10->13
2068;0;1;7->20
2069;0;1;39->45
2070;0;1;29->11
2071;0;1;27->42
2072;0;1;33->35
2073;0;1;20->4
2074;0;1;2->48
2075;0;1;20->53
2076;0;1;1->38
2077;0;1;14->42
2078;0;1;37->47
2079;0;1;29->10
2080;0;1;51->20
2081;0;1;40->27
2082;0;1;7->33
2083;0;1;16->9
2084;0;1;31->29
2085;0;1;48->47
2086;0;1;26->4
2087;0;1;40->53
2088;0;1;7->47
2089;0;1;8->37
2090;0;1;20->26
2091;0;1;36->28
2092;0;1;47->4
2093;0;1;27->57
2094;0;1;31->19
2095;0;1;17->26
2096;0;1;4->24
2097;0;1;21->6
2098;0;1;4->27
2099;0;1;53->49
2100;0;1;21->48
2101;0;1;40->47
2102;0;1;13->41
2103;0;1;42->41
2104;0;1;10->9
2105;0;1;14->19
2106;0;1;46->29
2107;0;1;32->35
2108;0;1;27->9
2109;0;1;11->16
2110;0;1;35->9
2111;0;1;18->35
2112;0;1;10->45
2113;0;1;33->20
2114;0;1;16->8
2115;0;1;1->37
2116;0;1;53->15
2117;0;1;10->2
2118;0;1;32->15
2119;0;1;14->49
2120;0;1;21->45
2121;0;1;18->31
2122;0;1;41->31
2123;0;1;19->42
2124;0;1;16->31
2125;0;1;45->38
2126;0;1;21->22
2127;0;1;6->18
2128;0;1;3->34
2129;0;1;4->37
2130;0;1;28->45
2131;0;1;5->27
2132;0;1;41->20
2133;0;1;26->48
2134;0;1;19->38
2135;0;1;15->27
2136;0;1;15->21
2137;0;1;8->33
2138;0;1;21->16
2139;0;1;50->45
2140;0;1;15->38
2141;0;1;24->38
2142;0;1;36->24
2143;0;1;5->37
2144;0;1;38->41
2145;0;1;22->38
2146;0;1;3->32
2147;0;1;42->37
2148;0;1;40->28
2149;0;1;45->46
2150;0;1;53->6
2151;0;1;46->1
2152;0;1;28->32
2153;0;1;35->51
2154;0;1;11->44
2155;0;1;7->12
2156;0;1;15->13
2157;0;1;28->11
2158;0;1;16->22
2159;0;1;43->42
2160;0;1;45->53
2161;0;1;18->14
2162;0;1;47->43
2163;0;1;50->46
2164;0;1;49->4
2165;0;1;23->14
2166;0;1;18->45
2167;0;1;53->32
2168;0;1;5->10
2169;0;1;51->13
2170;0;1;50->43
2171;0;1;28->3
2172;0;1;32->57
2173;0;1;3->16
2174;0;1;36->37
2175;0;1;39->3
2176;0;1;33->13
2177;0;1;4->9
2178;0;1;21->38
2179;0;1;21->5
2180;0;1;53->41
2181;0;1;16->4
2182;0;1;27->35
2183;0;1;31->7
2184;0;1;4->53
2185;0;1;26->43
2186;0;1;47->24
2187;0;1;49->33
2188;0;1;16->7
2189;0;1;32->12
2190;0;1;17->42
2191;0;1;33->34
2192;0;1;13->26
2193;0;1;12->16
2194;0;1;195->187
2195;0;1;49->14
2196;0;1;17->50
2197;0;1;36->44
2198;0;1;39->13
2199;0;1;39->17
2200;0;1;39->22
2201;0;1;36->39
2202;0;1;39->39
2203;0;1;39->5
2204;0;1;16->11
2205;0;1;15->11
2206;0;1;42->27
2207;0;1;70->71
2208;0;1;85->86
2209;0;1;115->86
2210;0;1;119->79
2211;0;1;7->27
2212;0;1;85->143
2213;0;1;115->143
2214;0;1;15->50
2215;0;1;15->18
2216;0;1;1->39
2217;0;1;15->39
2218;0;1;21->17
2219;0;1;23->17
2220;0;1;26->39
2221;0;1;28->36
2222;0;1;32->36
2223;0;1;37->36
2224;0;1;38->36
2225;0;1;43->36
2226;0;1;46->39
2227;0;1;48->39
2228;0;1;53->17
2229;0;1;10->36
2230;0;1;19->39
2231;0;1;46->17
2232;0;1;51->17
2233;0;1;54->56
2234;0;1;64->56
2235;0;1;67->68
2236;0;1;74->75
2237;0;1;82->68
2238;0;1;102->175
2239;0;1;26->17
2240;0;1;47->39
2241;0;1;67->99
2242;0;1;67->75
2243;0;1;74->99
2244;0;1;82->99
2245;0;1;48->17
2246;0;1;74->68
2247;0;1;3->36
2248;0;1;64->145
2249;0;1;5->36
2250;0;1;26->36
2251;0;1;13->36
2252;0;1;82->75
2253;0;1;43->39
2254;0;1;12->36
2255;0;1;42->39
2256;0;1;54->145
2257;0;2;17->39->36
2258;0;1;36->17
2259;0;1;36->36
2260;0;1;17->36
2261;0;1;17->17
2262;0;1;37->2
2263;0;1;33->2
2264;0;1;11->12
2265;0;1;43->12
2266;0;1;57->57
2267;0;1;50->2
2268;0;1;45->57
2269;0;1;15->53
2270;0;1;31->2
2271;0;1;36->42
2272;0;1;23->35
2273;0;1;7->49
2274;0;1;143->49
2275;0;1;23->49
2276;0;1;33->49
2277;0;1;37->49
2278;0;1;45->49
2279;0;1;11->3
2280;0;1;31->32
2281;0;1;11->25
2282;0;1;31->25
2283;0;1;33->4
2284;0;1;45->4
2285;0;1;31->4
2286;0;1;30->30
2287;0;1;46->46
2288;0;1;4->4
2289;0;1;11->5
2290;0;1;6->6
2291;0;1;22->5
2292;0;1;23->28
2293;0;1;26->5
2294;0;1;21->44
2295;0;1;33->30
2296;0;1;45->33
2297;0;1;43->33
2298;0;1;51->43
2299;0;1;18->51
2300;0;1;23->51
2301;0;1;31->51
2302;0;1;42->43
2303;0;1;41->33
2304;0;1;22->45
2305;0;1;41->43
2306;0;1;27->33
2307;0;1;36->29
2308;0;1;36->19
2309;0;1;36->4
2310;0;1;36->21
2311;0;1;36->6
2312;0;1;131->59
2313;0;1;132->59
2314;0;1;137->59
2315;0;1;138->59
2316;0;1;139->59
2317;0;1;142->59
2318;0;1;144->59
2319;0;1;147->59
2320;0;1;148->59
2321;0;1;149->59
2322;0;1;150->59
2323;0;1;151->59
2324;0;1;152->59
2325;0;1;153->59
2326;0;1;154->59
2327;0;1;156->59
2328;0;1;157->59
2329;0;1;160->59
2330;0;1;161->59
2331;0;1;162->163
2332;0;1;168->59
2333;0;1;169->59
2334;0;1;170->59
2335;0;1;171->59
2336;0;1;58->59
2337;0;1;60->59
2338;0;1;62->59
2339;0;1;63->59
2340;0;1;69->59
2341;0;1;73->59
2342;0;1;76->59
2343;0;1;78->59
2344;0;1;83->59
2345;0;1;87->59
2346;0;1;88->59
2347;0;1;92->59
2348;0;1;93->59
2349;0;1;98->59
2350;0;1;106->59
2351;0;1;107->59
2352;0;1;111->59
2353;0;1;112->59
2354;0;1;116->59
2355;0;1;118->59
2356;0;1;120->59
2357;0;1;123->59
2358;0;1;125->59
2359;0;1;127->59
2360;0;1;67->102
2361;0;1;2->7
2362;0;1;10->7
2363;0;1;12->7
2364;0;1;13->48
2365;0;1;19->48
2366;0;1;30->7
2367;0;1;33->7
2368;0;1;38->7
2369;0;1;42->48
2370;0;1;53->48
2371;0;1;19->7
2372;0;1;35->48
2373;0;1;15->34
2374;0;1;1->25
2375;0;1;2->25
2376;0;1;3->25
2377;0;1;4->25
2378;0;1;5->25
2379;0;1;6->25
2380;0;1;7->25
2381;0;1;8->25
2382;0;1;9->25
2383;0;1;10->25
2384;0;1;12->25
2385;0;1;13->25
2386;0;1;14->25
2387;0;1;17->25
2388;0;1;18->25
2389;0;1;19->25
2390;0;1;20->25
2391;0;1;21->25
2392;0;1;22->25
2393;0;1;23->25
2394;0;1;24->25
2395;0;1;26->25
2396;0;1;27->25
2397;0;1;28->25
2398;0;1;29->25
2399;0;1;30->25
2400;0;1;32->25
2401;0;1;33->25
2402;0;1;133->89
2403;0;1;35->25
2404;0;1;37->25
2405;0;1;38->25
2406;0;1;34->25
2407;0;1;40->25
2408;0;1;41->25
2409;0;1;42->25
2410;0;1;43->25
2411;0;1;44->25
2412;0;1;45->25
2413;0;1;46->25
2414;0;1;47->25
2415;0;1;48->25
2416;0;1;49->25
2417;0;1;50->25
2418;0;1;51->25
2419;0;1;53->25
2420;0;1;54->89
2421;0;1;57->25
2422;0;1;186->89
2423;0;1;190->89
2424;0;1;64->89
2425;0;1;39->25
2426;0;1;71->80
2427;0;1;79->80
2428;0;1;85->80
2429;0;1;102->103
2430;0;1;108->103
2431;0;1;115->80
2432;0;1;124->103
2433;0;1;36->25
2434;0;1;15->25
2435;0;1;17->1
2436;0;1;15->61
2437;0;1;15->77
2438;0;1;16->61
2439;0;1;16->77
2440;0;1;31->6
2441;0;1;130->59
2442;0;1;146->59
2443;0;1;167->59
2444;0;1;172->59
2445;0;1;173->59
2446;0;1;177->59
2447;0;1;72->59
2448;0;1;126->59
2449;0;1;133->110
2450;0;1;102->110
2451;0;1;42->35
2452;0;1;133->134
2453;0;1;102->54
2454;0;1;108->64
2455;0;1;124->54
2456;0;1;108->54
2457;0;1;6->11
2458;0;2;47->10->1
2459;0;1;26->20
2460;0;1;21->26
2461;0;1;16->90
2462;0;1;16->109
2463;0;1;15->90
2464;0;1;15->109
2465;0;1;51->32
2466;0;1;67->81
2467;0;1;67->158
2468;0;1;164->85
2469;0;1;67->94
2470;0;1;70->115
2471;0;1;114->115
2472;0;1;117->121
2473;0;1;119->85
2474;0;1;67->100
2475;0;1;67->113
2476;0;1;67->82
2477;0;1;67->121
2478;0;1;67->155
2479;0;1;67->104
2480;0;1;117->104
2481;0;1;129->102
2482;0;1;102->129
2483;0;1;8->38
2484;0;1;110->102
